wavetrW0001 = [ 730.0000
  730.1000
  730.2000
  730.3000
  730.4000
  730.5000
  730.6000
  730.7000
  730.8000
  730.9000
  731.0000
  731.1000
  731.2000
  731.3000
  731.4000
  731.5000
  731.6000
  731.7000
  731.8000
  731.9000
  732.0000
  732.1000
  732.2000
  732.3000
  732.4000
  732.5000
  732.6000
  732.7000
  732.8000
  732.9000
  733.0000
  733.1000
  733.2000
  733.3000
  733.4000
  733.5000
  733.6000
  733.7000
  733.8000
  733.9000
  734.0000
  734.1000
  734.2000
  734.3000
  734.4000
  734.5000
  734.6000
  734.7000
  734.8000
  734.9000
  735.0000
  735.1000
  735.2000
  735.3000
  735.4000
  735.5000
  735.6000
  735.7000
  735.8000
  735.9000
  736.0000
  736.1000
  736.2000
  736.3000
  736.4000
  736.5000
  736.6000
  736.7000
  736.8000
  736.9000
  737.0000
  737.1000
  737.2000
  737.3000
  737.4000
  737.5000
  737.6000
  737.7000
  737.8000
  737.9000
  738.0000
  738.1000
  738.2000
  738.3000
  738.4000
  738.5000
  738.6000
  738.7000
  738.8000
  738.9000
  739.0000
  739.1000
  739.2000
  739.3000
  739.4000
  739.5000
  739.6000
  739.7000
  739.8000
  739.9000
  740.0000
  740.1000
  740.2000
  740.3000
  740.4000
  740.5000
  740.6000
  740.7000
  740.8000
  740.9000
  741.0000
  741.1000
  741.2000
  741.3000
  741.4000
  741.5000
  741.6000
  741.7000
  741.8000
  741.9000
  742.0000
  742.1000
  742.2000
  742.3000
  742.4000
  742.5000
  742.6000
  742.7000
  742.8000
  742.9000
  743.0000
  743.1000
  743.2000
  743.3000
  743.4000
  743.5000
  743.6000
  743.7000
  743.8000
  743.9000
  744.0000
  744.1000
  744.2000
  744.3000
  744.4000
  744.5000
  744.6000
  744.7000
  744.8000
  744.9000
  745.0000
  745.1000
  745.2000
  745.3000
  745.4000
  745.5000
  745.6000
  745.7000
  745.8000
  745.9000
  746.0000
  746.1000
  746.2000
  746.3000
  746.4000
  746.5000
  746.6000
  746.7000
  746.8000
  746.9000
  747.0000
  747.1000
  747.2000
  747.3000
  747.4000
  747.5000
  747.6000
  747.7000
  747.8000
  747.9000
  748.0000
  748.1000
  748.2000
  748.3000
  748.4000
  748.5000
  748.6000
  748.7000
  748.8000
  748.9000
  749.0000
  749.1000
  749.2000
  749.3000
  749.4000
  749.5000
  749.6000
  749.7000
  749.8000
  749.9000
  750.0000
  750.1000
  750.2000
  750.3000
  750.4000
  750.5000
  750.6000
  750.7000
  750.8000
  750.9000
  751.0000
  751.1000
  751.2000
  751.3000
  751.4000
  751.5000
  751.6000
  751.7000
  751.8000
  751.9000
  752.0000
  752.1000
  752.2000
  752.3000
  752.4000
  752.5000
  752.6000
  752.7000
  752.8000
  752.9000
  753.0000
  753.1000
  753.2000
  753.3000
  753.4000
  753.5000
  753.6000
  753.7000
  753.8000
  753.9000
  754.0000
  754.1000
  754.2000
  754.3000
  754.4000
  754.5000
  754.6000
  754.7000
  754.8000
  754.9000
  755.0000
  755.1000
  755.2000
  755.3000
  755.4000
  755.5000
  755.6000
  755.7000
  755.8000
  755.9000
  756.0000
  756.1000
  756.2000
  756.3000
  756.4000
  756.5000
  756.6000
  756.7000
  756.8000
  756.9000
  757.0000
  757.1000
  757.2000
  757.3000
  757.4000
  757.5000
  757.6000
  757.7000
  757.8000
  757.9000
  758.0000
  758.1000
  758.2000
  758.3000
  758.4000
  758.5000
  758.6000
  758.7000
  758.8000
  758.9000
  759.0000
  759.1000
  759.2000
  759.3000
  759.4000
  759.5000
  759.6000
  759.7000
  759.8000
  759.9000
  760.0000
  760.1000
  760.2000
  760.3000
  760.4000
  760.5000
  760.6000
  760.7000
  760.8000
  760.9000
  761.0000
  761.1000
  761.2000
  761.3000
  761.4000
  761.5000
  761.6000
  761.7000
  761.8000
  761.9000
  762.0000
  762.1000
  762.2000
  762.3000
  762.4000
  762.5000
  762.6000
  762.7000
  762.8000
  762.9000
  763.0000
  763.1000
  763.2000
  763.3000
  763.4000
  763.5000
  763.6000
  763.7000
  763.8000
  763.9000
  764.0000
  764.1000
  764.2000
  764.3000
  764.4000
  764.5000
  764.6000
  764.7000
  764.8000
  764.9000
  765.0000
  765.1000
  765.2000
  765.3000
  765.4000
  765.5000
  765.6000
  765.7000
  765.8000
  765.9000
  766.0000
  766.1000
  766.2000
  766.3000
  766.4000
  766.5000
  766.6000
  766.7000
  766.8000
  766.9000
  767.0000
  767.1000
  767.2000
  767.3000
  767.4000
  767.5000
  767.6000
  767.7000
  767.8000
  767.9000
  768.0000
  768.1000
  768.2000
  768.3000
  768.4000
  768.5000
  768.6000
  768.7000
  768.8000
  768.9000
  769.0000
  769.1000
  769.2000
  769.3000
  769.4000
  769.5000
  769.6000
  769.7000
  769.8000
  769.9000
  770.0000
  770.1000
  770.2000
  770.3000
  770.4000
  770.5000
  770.6000
  770.7000
  770.8000
  770.9000
  771.0000
  771.1000
  771.2000
  771.3000
  771.4000
  771.5000
  771.6000
  771.7000
  771.8000
  771.9000
  772.0000
  772.1000
  772.2000
  772.3000
  772.4000
  772.5000
  772.6000
  772.7000
  772.8000
  772.9000
  773.0000
  773.1000
  773.2000
  773.3000
  773.4000
  773.5000
  773.6000
  773.7000
  773.8000
  773.9000
  774.0000
  774.1000
  774.2000
  774.3000
  774.4000
  774.5000
  774.6000
  774.7000
  774.8000
  774.9000
  775.0000
  775.1000
  775.2000
  775.3000
  775.4000
  775.5000
  775.6000
  775.7000
  775.8000
  775.9000
  776.0000
  776.1000
  776.2000
  776.3000
  776.4000
  776.5000
  776.6000
  776.7000
  776.8000
  776.9000
  777.0000
  777.1000
  777.2000
  777.3000
  777.4000
  777.5000
  777.6000
  777.7000
  777.8000
  777.9000
  778.0000
  778.1000
  778.2000
  778.3000
  778.4000
  778.5000
  778.6000
  778.7000
  778.8000
  778.9000
  779.0000
  779.1000
  779.2000
  779.3000
  779.4000
  779.5000
  779.6000
  779.7000
  779.8000
  779.9000
  780.0000
  780.1000
  780.2000
  780.3000
  780.4000
  780.5000
  780.6000
  780.7000
  780.8000
  780.9000
  781.0000
  781.1000
  781.2000
  781.3000
  781.4000
  781.5000
  781.6000
  781.7000
  781.8000
  781.9000
  782.0000
  782.1000
  782.2000
  782.3000
  782.4000
  782.5000
  782.6000
  782.7000
  782.8000
  782.9000
  783.0000
  783.1000
  783.2000
  783.3000
  783.4000
  783.5000
  783.6000
  783.7000
  783.8000
  783.9000
  784.0000
  784.1000
  784.2000
  784.3000
  784.4000
  784.5000
  784.6000
  784.7000
  784.8000
  784.9000
  785.0000
  785.1000
  785.2000
  785.3000
  785.4000
  785.5000
  785.6000
  785.7000
  785.8000
  785.9000
  786.0000
  786.1000
  786.2000
  786.3000
  786.4000
  786.5000
  786.6000
  786.7000
  786.8000
  786.9000
  787.0000
  787.1000
  787.2000
  787.3000
  787.4000
  787.5000
  787.6000
  787.7000
  787.8000
  787.9000
  788.0000
  788.1000
  788.2000
  788.3000
  788.4000
  788.5000
  788.6000
  788.7000
  788.8000
  788.9000
  789.0000
  789.1000
  789.2000
  789.3000
  789.4000
  789.5000
  789.6000
  789.7000
  789.8000
  789.9000
  790.0000
  790.1000
  790.2000
  790.3000
  790.4000
  790.5000
  790.6000
  790.7000
  790.8000
  790.9000
  791.0000
  791.1000
  791.2000
  791.3000
  791.4000
  791.5000
  791.6000
  791.7000
  791.8000
  791.9000
  792.0000
  792.1000
  792.2000
  792.3000
  792.4000
  792.5000
  792.6000
  792.7000
  792.8000
  792.9000
  793.0000
  793.1000
  793.2000
  793.3000
  793.4000
  793.5000
  793.6000
  793.7000
  793.8000
  793.9000
  794.0000
  794.1000
  794.2000
  794.3000
  794.4000
  794.5000
  794.6000
  794.7000
  794.8000
  794.9000
  795.0000
  795.1000
  795.2000
  795.3000
  795.4000
  795.5000
  795.6000
  795.7000
  795.8000
  795.9000
  796.0000
  796.1000
  796.2000
  796.3000
  796.4000
  796.5000
  796.6000
  796.7000
  796.8000
  796.9000
  797.0000
  797.1000
  797.2000
  797.3000
  797.4000
  797.5000
  797.6000
  797.7000
  797.8000
  797.9000
  798.0000
  798.1000
  798.2000
  798.3000
  798.4000
  798.5000
  798.6000
  798.7000
  798.8000
  798.9000
  799.0000
  799.1000
  799.2000
  799.3000
  799.4000
  799.5000
  799.6000
  799.7000
  799.8000
  799.9000
  800.0000
  800.1000
  800.2000
  800.3000
  800.4000
  800.5000
  800.6000
  800.7000
  800.8000
  800.9000
  801.0000
  801.1000
  801.2000
  801.3000
  801.4000
  801.5000
  801.6000
  801.7000
  801.8000
  801.9000
  802.0000
  802.1000
  802.2000
  802.3000
  802.4000
  802.5000
